%YAML:1.0
name: "StatModel.EM"
covMatType: 1
covs:
   - !!opencv-matrix
      rows: 10
      cols: 10
      dt: d
      data: [ 2.0173450344895118e+004, 0., 0., 0., 0., 0., 0., 0., 0.,
          0., 0., 1.3198920355382343e+004, 0., 0., 0., 0., 0., 0., 0.,
          0., 0., 0., 1.8946892572897821e+004, 0., 0., 0., 0., 0., 0.,
          0., 0., 0., 0., 1.2350536341292440e+004, 0., 0., 0., 0., 0.,
          0., 0., 0., 0., 0., 1.7915253931305720e+004, 0., 0., 0., 0.,
          0., 0., 0., 0., 0., 0., 1.3950588739679653e+004, 0., 0., 0.,
          0., 0., 0., 0., 0., 0., 0., 8.2318926171091516e+003, 0., 0.,
          0., 0., 0., 0., 0., 0., 0., 0., 7.6757343213954227e+003, 0.,
          0., 0., 0., 0., 0., 0., 0., 0., 0., 6.6054722237295691e+003,
          0., 0., 0., 0., 0., 0., 0., 0., 0., 0.,
          6.2825206905632831e+003 ]
   - !!opencv-matrix
      rows: 10
      cols: 10
      dt: d
      data: [ 3.5010867427049809e+004, 0., 0., 0., 0., 0., 0., 0., 0.,
          0., 0., 2.0642758246555743e+004, 0., 0., 0., 0., 0., 0., 0.,
          0., 0., 0., 2.7451560084488101e+004, 0., 0., 0., 0., 0., 0.,
          0., 0., 0., 0., 1.3846290638769340e+004, 0., 0., 0., 0., 0.,
          0., 0., 0., 0., 0., 2.3554200312293997e+004, 0., 0., 0., 0.,
          0., 0., 0., 0., 0., 0., 1.3362583880661381e+004, 0., 0., 0.,
          0., 0., 0., 0., 0., 0., 0., 1.4407922693887247e+004, 0., 0.,
          0., 0., 0., 0., 0., 0., 0., 0., 1.3380727574660452e+004, 0.,
          0., 0., 0., 0., 0., 0., 0., 0., 0., 1.0411659690537967e+004,
          0., 0., 0., 0., 0., 0., 0., 0., 0., 0.,
          7.2341826983981073e+003 ]
   - !!opencv-matrix
      rows: 10
      cols: 10
      dt: d
      data: [ 2.0796772090807703e+004, 0., 0., 0., 0., 0., 0., 0., 0.,
          0., 0., 1.7210778428876256e+004, 0., 0., 0., 0., 0., 0., 0.,
          0., 0., 0., 2.0339561301123369e+004, 0., 0., 0., 0., 0., 0.,
          0., 0., 0., 0., 2.0062970336054153e+004, 0., 0., 0., 0., 0.,
          0., 0., 0., 0., 0., 1.8180765492701543e+004, 0., 0., 0., 0.,
          0., 0., 0., 0., 0., 0., 1.5801854599759843e+004, 0., 0., 0.,
          0., 0., 0., 0., 0., 0., 0., 1.1149374943995746e+004, 0., 0.,
          0., 0., 0., 0., 0., 0., 0., 0., 6.8507820362778393e+003, 0.,
          0., 0., 0., 0., 0., 0., 0., 0., 0., 7.5345608618709521e+003,
          0., 0., 0., 0., 0., 0., 0., 0., 0., 0.,
          5.1459030013625406e+003 ]
   - !!opencv-matrix
      rows: 10
      cols: 10
      dt: d
      data: [ 2.9296157683106092e+004, 0., 0., 0., 0., 0., 0., 0., 0.,
          0., 0., 1.6168774718831395e+004, 0., 0., 0., 0., 0., 0., 0.,
          0., 0., 0., 1.6964856115366267e+004, 0., 0., 0., 0., 0., 0.,
          0., 0., 0., 0., 2.4516464403374328e+004, 0., 0., 0., 0., 0.,
          0., 0., 0., 0., 0., 1.5510195922479978e+004, 0., 0., 0., 0.,
          0., 0., 0., 0., 0., 0., 1.1157282341285581e+004, 0., 0., 0.,
          0., 0., 0., 0., 0., 0., 0., 1.4036757294880934e+004, 0., 0.,
          0., 0., 0., 0., 0., 0., 0., 0., 7.5444998960034682e+003, 0.,
          0., 0., 0., 0., 0., 0., 0., 0., 0., 6.6892619006347040e+003,
          0., 0., 0., 0., 0., 0., 0., 0., 0., 0.,
          6.5823217143672273e+003 ]
   - !!opencv-matrix
      rows: 10
      cols: 10
      dt: d
      data: [ 2.2180950895983951e+004, 0., 0., 0., 0., 0., 0., 0., 0.,
          0., 0., 6.1176725217271824e+003, 0., 0., 0., 0., 0., 0., 0.,
          0., 0., 0., 9.7490127079699923e+003, 0., 0., 0., 0., 0., 0.,
          0., 0., 0., 0., 1.1733785649841444e+004, 0., 0., 0., 0., 0.,
          0., 0., 0., 0., 0., 9.2389102018987160e+003, 0., 0., 0., 0.,
          0., 0., 0., 0., 0., 0., 1.0340966771954627e+004, 0., 0., 0.,
          0., 0., 0., 0., 0., 0., 0., 6.6750856862383689e+003, 0., 0.,
          0., 0., 0., 0., 0., 0., 0., 0., 5.5640725323570268e+003, 0.,
          0., 0., 0., 0., 0., 0., 0., 0., 0., 5.5396408526355945e+003,
          0., 0., 0., 0., 0., 0., 0., 0., 0., 0.,
          6.0748389451890462e+003 ]
epsilon: 1.1920928955078125e-007
maxIters: 3
means: !!opencv-matrix
   rows: 5
   cols: 10
   dt: d
   data: [ -3.8741918727427822e+002, -6.7030204908941670e+001,
       -1.4525115341418076e+001, 3.7473404511980966e+001,
       -6.4572772051247416e+000, -2.3348449834115275e+001,
       6.9036920257881738e+000, -1.7589548735629190e+000,
       3.0818769878723140e+000, -6.6147763609069585e+000,
       -2.9903152348869156e+001, -1.3214524730998372e+002,
       1.1569416934668968e+002, -6.2440093161071587e+001,
       5.5901942307026298e+000, 4.5262823916872655e+001,
       -1.3311078703738957e+001, -4.4288048737913872e+000,
       5.5897599533684805e-001, -5.5968724472395133e+000,
       4.5757826409300787e+002, -7.8389243493269078e+001,
       4.4165074000905932e+001, 6.4643569651636298e+001,
       1.2221282644289539e+001, -1.5452122123403682e+000,
       1.5433089152599051e+001, 2.6968917172306412e+001,
       3.9947199633877797e+000, 1.3326857380020742e+001,
       1.7483234208986781e+002, 1.1672418139780577e+001,
       -9.7395682154754013e+001, -2.4156646878901320e+001,
       6.6944272826518481e-001, 2.7403575285865265e+000,
       -2.1441315846329214e+001, -3.6937827351615141e+001,
       -1.0902062974937312e+001, -1.3656644405825405e+001,
       -6.0559449574215748e+001, 1.8054885170460645e+002,
       1.3025971205045174e+001, -1.3427137825298436e+001,
       -5.2783109635086261e+000, -6.8494947938583852e+000,
       1.3254431409353321e+001, 2.4463948596111457e+001,
       5.0406126998184764e+000, 1.5131535159942466e+001 ]
nclusters: 5
weights: !!opencv-matrix
   rows: 1
   cols: 5
   dt: d
   data: [ 2.3054126511413556e-001, 1.4591703939956788e-001,
       1.4589262904563421e-001, 2.3725698166605796e-001,
       2.4039208477460378e-001 ]
